64 0 1 132 0.300000
128 432 6 133 0.300000
0 16 0 135 0.400000
32 0 1 134 0.300000
128 416 7 134 0.300000
16 16 7 133 0.300000
128 464 2 132 0.400000
128 0 0 134 0.300000
128 416 1 132 0.600000
128 0 5 130 0.900000
48 80 1 129 0.300000
192 416 6 118 0.600000
192 464 0 131 1.000000
208 464 6 157 0.300000
192 416 5 157 0.300000
144 416 3 155 0.300000
32 0 1 131 0.900000
48 0 4 132 0.500000
0 16 4 133 0.300000
16 16 1 133 0.300000
128 464 2 133 0.300000
160 0 3 131 0.500000
144 416 7 130 0.300000
128 464 6 133 0.300000
128 464 2 132 0.500000
80 0 3 130 0.600000
160 464 7 130 0.300000
96 304 6 122 0.400000
160 288 0 118 0.300000
192 432 0 156 0.500000
112 0 3 161 0.400000
112 464 6 158 0.500000
48 32 2 128 0.300000
160 464 0 130 0.300000
144 16 1 131 0.800000
16 16 7 132 0.500000
144 416 1 131 0.300000
0 112 4 130 0.300000
0 96 7 132 0.800000
112 288 4 128 0.400000
208 32 7 130 0.400000
160 32 2 130 0.500000
32 0 7 129 0.800000
192 32 1 123 0.300000
64 432 2 118 0.300000
160 400 0 148 0.500000
208 464 4 157 0.300000
192 416 4 156 0.300000
64 384 7 128 0.300000
160 16 5 131 0.400000
48 48 2 133 0.300000
208 16 4 131 0.400000
128 288 5 141 0.400000
160 400 0 157 0.600000
176 160 2 174 0.300000
208 432 4 179 0.400000
192 384 0 156 0.500000
160 48 0 127 0.500000
160 0 3 126 0.300000
160 448 1 119 0.600000
144 400 2 115 0.600000
112 416 0 144 0.300000
112 304 0 150 0.300000
144 448 4 151 0.300000
208 16 4 125 0.300000
0 64 0 130 1.000000
208 16 0 118 0.400000
144 416 0 126 0.400000
128 464 1 133 0.300000
192 464 0 145 0.500000
208 464 0 172 0.700000
112 96 0 186 0.400000
112 16 5 193 0.400000
192 176 2 180 0.800000
192 336 7 126 1.000000
160 400 7 112 0.300000
64 432 2 112 0.300000
128 288 6 150 0.400000
112 352 1 142 0.500000
112 352 0 142 0.500000
128 464 7 125 0.500000
64 96 4 117 0.300000
208 0 7 119 0.300000
160 464 2 123 0.600000
128 288 6 135 0.400000
48 176 4 142 0.300000
192 416 0 168 1.000000
64 96 0 184 0.600000
144 224 2 200 0.300000
16 32 0 206 0.400000
192 400 0 204 0.800000
208 384 4 105 0.600000
160 288 0 106 0.300000
112 416 2 151 0.400000
192 288 2 137 0.500000
80 240 2 98 0.500000
96 32 5 123 0.400000
32 160 5 115 0.300000
144 464 7 120 0.400000
112 288 2 133 0.500000
112 464 7 138 0.800000
160 48 1 136 0.500000
128 48 1 172 0.600000
144 416 4 193 0.600000
128 416 2 197 1.000000
160 32 4 203 0.500000
32 0 0 206 0.400000
192 400 0 197 0.900000
80 288 2 102 0.600000
112 416 2 151 0.500000
192 288 2 139 0.500000
208 240 1 59 0.300000
160 288 1 125 0.800000
112 336 5 115 0.400000
32 96 0 125 0.500000
160 112 0 132 0.400000
192 336 4 132 0.500000
192 400 7 166 0.400000
160 112 0 179 0.400000
32 80 2 187 0.500000
144 112 0 193 0.400000
112 96 0 198 0.500000
144 416 0 201 0.400000
176 464 4 207 0.400000
208 400 0 159 0.700000
112 416 2 149 0.600000
192 288 0 139 0.500000
208 384 1 71 1.000000
160 288 6 116 0.400000
96 96 0 113 0.500000
48 16 5 123 0.900000
176 80 7 130 0.300000
112 320 4 151 0.900000
192 0 2 167 0.300000
192 32 4 176 0.300000
112 112 0 175 0.700000
144 416 4 183 0.800000
112 416 7 190 0.500000
64 96 4 187 0.300000
160 16 5 197 0.800000
208 448 4 197 0.700000
144 48 4 164 0.600000
208 176 6 161 0.700000
96 464 3 191 1.000000
96 352 6 133 0.600000
16 128 0 112 0.400000
64 96 0 125 0.500000
64 112 4 140 0.300000
112 80 0 146 0.400000
32 208 1 157 0.300000
80 464 3 166 0.300000
48 128 7 170 0.300000
160 400 4 170 0.400000
160 112 0 177 0.500000
208 464 7 182 0.300000
144 416 7 177 0.800000
64 96 0 178 0.500000
208 144 0 192 0.900000
128 288 5 198 0.300000
128 432 7 200 0.900000
176 448 6 155 1.000000
96 368 3 119 0.400000
64 112 4 132 0.300000
112 224 4 137 0.300000
80 464 0 140 0.300000
112 48 2 146 0.500000
192 288 5 141 0.500000
96 448 7 148 0.600000
112 432 7 156 1.000000
192 288 3 155 0.400000
96 272 4 159 0.500000
176 336 4 176 0.300000
192 128 7 190 0.300000
144 448 5 194 0.800000
208 464 5 199 0.300000
208 160 3 201 0.400000
192 64 1 161 1.000000
0 128 0 124 0.500000
144 224 5 130 0.300000
80 448 6 130 0.300000
192 128 5 133 0.400000
96 336 7 118 1.000000
80 32 6 84 0.900000
208 288 3 105 0.800000
112 240 3 83 0.300000
176 80 7 74 0.800000
208 400 7 163 0.300000
208 448 7 191 0.300000
128 400 4 192 0.300000
144 80 5 196 0.300000
176 96 5 165 0.800000
208 208 5 125 0.700000
192 464 6 181 1.000000
80 448 6 127 0.300000
80 448 6 125 0.300000
96 96 4 126 0.400000
192 320 3 99 0.600000
208 384 7 69 0.300000
32 272 1 63 0.600000
160 272 2 73 0.500000
160 64 1 88 0.600000
128 48 1 168 0.800000
80 368 1 180 0.300000
176 400 0 180 0.400000
128 384 4 185 0.600000
192 336 3 111 1.000000
96 384 0 136 0.700000
192 176 0 152 1.000000
208 416 6 175 0.600000
16 32 4 120 0.700000
80 448 4 125 0.300000
96 352 1 89 0.900000
176 400 4 66 1.000000
192 336 1 66 0.400000
192 336 2 63 0.700000
96 208 3 78 0.600000
96 352 5 144 1.000000
192 0 1 175 0.400000
192 144 4 171 0.400000
96 352 5 186 0.400000
96 320 5 196 0.300000
192 320 2 105 0.900000
192 304 1 119 0.700000
192 336 0 59 0.600000
80 416 2 138 0.800000
80 96 3 124 0.300000
208 400 5 83 0.300000
176 288 6 59 0.400000
64 320 6 57 0.300000
160 272 0 67 0.300000
144 48 7 78 1.000000
144 64 7 158 0.500000
96 400 0 168 0.500000
64 32 6 164 0.600000
176 416 2 172 0.700000
112 416 0 196 0.300000
192 48 0 205 0.300000
192 304 2 138 1.000000
176 352 1 92 1.000000
0 112 2 61 0.600000
208 208 0 108 0.600000
96 352 7 102 0.900000
176 352 6 73 0.400000
160 432 0 57 1.000000
192 368 4 56 0.300000
192 368 7 65 0.700000
128 48 7 144 0.900000
96 432 0 171 0.500000
160 64 5 143 0.500000
192 320 5 127 0.600000
192 176 1 161 0.600000
208 16 0 187 1.000000
112 48 2 183 1.000000
160 64 2 124 0.900000
160 288 0 75 1.000000
64 432 1 78 1.000000
112 192 6 85 0.800000
32 272 5 72 0.400000
96 32 5 74 0.900000
80 432 1 58 0.300000
16 464 3 57 0.300000
192 304 6 104 1.000000
160 96 5 183 0.800000
176 80 5 104 0.900000
208 240 7 74 0.400000
160 64 4 116 1.000000
176 432 0 134 0.800000
208 432 2 181 0.500000
192 336 3 93 1.000000
192 336 2 75 1.000000
48 272 2 68 0.700000
160 288 6 91 0.900000
16 464 2 79 0.800000
0 416 0 78 0.500000
192 208 0 88 0.400000
144 464 3 50 0.500000
192 336 6 63 1.000000
144 224 5 165 0.900000
144 48 5 137 1.000000
160 224 3 144 0.700000
112 256 1 142 0.400000
80 288 3 156 0.300000
128 352 1 133 0.300000
80 432 1 183 0.700000
80 352 3 138 0.500000
176 336 2 89 0.400000
48 400 6 65 0.700000
160 288 6 100 1.000000
160 64 2 66 0.400000
80 352 4 64 0.800000
112 240 5 89 0.600000
192 368 4 55 0.700000
176 336 6 121 1.000000
192 384 5 116 0.900000
96 320 2 127 0.900000
160 416 0 156 0.800000
208 0 0 174 0.500000
192 448 1 162 0.700000
144 400 6 138 0.500000
192 208 6 184 0.500000
176 416 6 152 0.800000
192 208 2 107 0.500000
48 400 6 60 0.300000
192 304 2 103 1.000000
208 288 2 66 0.500000
96 384 0 63 0.600000
80 256 4 97 0.500000
144 48 7 76 1.000000
176 384 5 133 0.900000
80 32 3 65 0.900000
96 304 0 126 0.700000
192 448 0 148 0.400000
176 448 4 162 0.500000
192 432 1 150 1.000000
128 304 6 133 0.300000
80 304 2 178 1.000000
192 416 1 149 0.700000
192 304 0 88 0.800000
208 368 6 61 0.600000
192 208 0 107 0.800000
112 240 7 88 0.700000
0 208 2 67 0.700000
80 224 3 86 0.800000
96 256 1 128 1.000000
208 384 5 68 0.900000
80 32 3 77 1.000000
192 432 2 126 0.500000
96 288 0 143 0.300000
208 464 0 153 0.300000
96 336 6 151 0.500000
144 400 5 134 1.000000
176 384 7 163 0.400000
192 432 1 139 0.900000
128 32 5 59 0.900000
208 368 1 66 0.500000
80 432 1 105 1.000000
208 400 6 95 0.300000
96 208 0 99 0.900000
176 96 2 144 0.600000
48 320 0 81 0.900000
144 400 2 59 0.700000
80 32 7 76 1.000000
192 288 1 124 0.300000
192 432 0 139 0.300000
96 464 4 140 0.500000
112 416 7 140 1.000000
112 272 2 152 1.000000
192 208 5 160 0.500000
192 304 0 103 1.000000
160 288 2 56 0.300000
176 416 6 71 0.700000
192 208 6 102 0.700000
192 128 6 94 0.700000
160 288 2 143 0.800000
176 96 2 114 0.800000
208 320 1 54 0.300000
192 32 0 59 0.400000
96 432 2 70 0.400000
96 336 0 103 1.000000
176 400 0 130 0.500000
208 48 2 142 0.500000
112 416 3 131 0.400000
176 288 5 143 0.600000
96 464 6 141 0.700000
128 32 5 61 1.000000
0 112 6 59 0.400000
176 16 0 77 1.000000
192 304 1 106 0.900000
128 336 4 111 0.900000
64 304 1 117 0.700000
192 368 5 58 0.400000
80 400 1 58 0.300000
176 0 0 54 0.300000
112 336 4 60 0.300000
80 352 4 71 0.600000
96 352 0 105 0.800000
208 16 4 136 1.000000
128 288 4 152 0.700000
208 64 4 162 0.400000
192 304 0 104 1.000000
176 416 2 55 0.400000
0 112 6 64 0.700000
80 16 5 82 0.400000
128 160 5 112 1.000000
64 272 0 102 0.300000
160 304 7 115 0.500000
160 64 0 77 0.800000
96 432 6 64 0.400000
32 0 4 53 0.400000
144 432 0 56 0.900000
160 288 0 66 0.300000
192 208 7 107 0.400000
96 336 5 129 0.700000
128 288 1 146 0.500000
128 352 3 157 0.900000
176 384 0 152 1.000000
48 272 5 88 1.000000
160 288 2 62 0.400000
80 16 5 86 0.600000
96 32 7 114 1.000000
96 368 4 81 0.500000
112 272 3 118 0.700000
48 240 6 99 1.000000
64 320 2 63 0.600000
176 16 0 55 0.400000
176 0 2 59 0.400000
80 400 1 71 0.700000
112 400 0 118 0.800000
192 0 2 136 0.300000
176 0 2 142 0.300000
144 400 0 162 0.900000
208 464 4 186 0.600000
176 432 0 201 0.400000
208 400 4 138 0.900000
176 400 4 72 0.600000
192 208 1 116 0.600000
64 160 5 78 0.600000
176 352 1 104 0.400000
208 224 0 104 0.700000
160 288 1 79 1.000000
160 288 6 57 0.300000
176 0 2 60 0.600000
192 208 0 90 0.400000
192 208 1 122 0.300000
160 0 1 139 0.400000
144 400 0 145 0.300000
192 432 0 157 0.300000
192 448 0 174 0.400000
192 448 0 194 0.400000
176 448 0 211 0.400000
64 256 1 101 1.000000
208 416 1 121 0.600000
176 288 1 61 0.400000
192 320 6 102 0.600000
96 448 7 112 1.000000
144 336 1 81 1.000000
128 32 0 64 0.500000
64 256 0 76 0.400000
192 64 1 105 1.000000
192 288 6 128 0.400000
208 16 6 140 0.300000
160 0 6 142 0.400000
192 448 0 152 0.400000
192 464 0 167 0.400000
192 448 0 189 0.500000
208 464 0 207 0.400000
208 416 0 160 1.000000
208 432 1 132 0.600000
0 96 1 65 0.700000
128 48 6 87 0.700000
64 288 1 94 0.400000
64 384 2 56 0.900000
144 448 7 56 0.900000
192 0 2 103 1.000000
96 432 6 104 1.000000
112 432 0 138 0.700000
112 464 3 143 0.500000
48 352 0 140 0.300000
192 416 0 148 0.300000
176 432 0 160 0.400000
192 464 0 181 0.600000
192 432 0 202 0.500000
208 432 0 203 0.500000
192 0 7 124 1.000000
208 384 3 59 0.300000
96 240 7 100 0.500000
112 32 4 73 0.800000
16 96 4 48 0.300000
64 256 0 69 0.400000
192 400 2 110 0.500000
192 304 6 108 0.700000
160 16 1 140 0.500000
144 0 2 144 0.300000
144 416 6 141 0.300000
112 304 0 143 0.300000
192 464 0 154 0.300000
176 432 0 171 0.600000
192 448 0 196 0.500000
112 304 0 210 0.300000
160 288 6 123 1.000000
176 288 0 62 0.400000
160 288 2 85 0.700000
160 288 1 63 0.600000
144 448 2 49 0.800000
80 448 3 83 0.700000
96 448 3 101 1.000000
96 304 0 133 0.300000
160 32 1 140 0.500000
112 0 6 144 0.400000
160 32 7 145 0.400000
16 16 2 142 0.800000
192 416 0 148 0.300000
176 448 0 162 0.400000
160 432 0 185 0.900000
208 464 0 205 0.400000
192 304 2 156 1.000000
208 304 2 75 1.000000
64 464 7 70 0.500000
64 448 1 70 0.700000
96 352 2 80 0.800000
112 352 2 119 0.400000
112 448 3 129 0.500000
64 0 6 134 0.500000
208 32 0 139 0.300000
16 16 0 142 0.500000
80 0 2 147 0.300000
160 16 4 148 0.400000
176 208 0 149 0.300000
176 416 2 159 0.300000
176 432 0 175 0.500000
160 416 0 197 0.600000
208 416 0 184 0.600000
